0.10189
0.10189
0.10239
0.10265
0.10324
0.10324
0.10488
0.10488
0.10488
0.10648
0.10648
0.10648
0.10759
0.10759
0.10759
0.10759
0.10759
0.10808
0.10808
0.10966
0.11124
0.11124
0.11124
0.11124
0.11124
0.11199
0.11649
0.11726
0.1173
0.1173
0.1173
0.1173
0.11841
0.11841
0.11841
0.11841
0.11885
0.12003
0.12003
0.12003
0.12003
0.12125
0.12125
0.12125
0.12125
0.12125
0.12406
0.12406
0.12674
0.12676
0.12676
0.12676
0.12855
0.12855
0.12855
0.12855
0.12916
0.12916
0.1307
0.1307
0.1307
0.13128
0.13128
0.13128
0.13128
0.13291
0.13291
0.13337
0.13337
0.13453
0.13453
0.13481
0.13558
0.13558
0.13829
0.14065
0.14065
0.14065
0.14065
0.14065
0.14216
0.14216
0.14296
0.14296
0.14843
0.14843
0.15595
0.15595
0.15652
0.15729
0.15729
0.15903
0.16208
0.16251
0.16437
0.16437
0.16437
0.16521
0.16521
0.16566
0.16566
0.16784
0.16784
0.16784
0.16784
0.16784
0.16923
0.1724
0.1724
0.1724
0.1751
0.1751
0.17761
0.17761
0.17886
0.17886
0.17983
0.17983
0.17983
0.18258
0.18258
0.18258
0.18258
0.18258
0.18559
0.18559
0.18559
0.18559
0.18596
0.18975
0.18975
0.19173
0.19173
0.19246
0.19246
0.19246
0.19246
0.19994
0.20416
0.20416
0.20416
0.20416
0.20541
0.20541
0.20763
0.21723
0.21723
0.21723
0.21723
0.2175
0.2175
0.2175
0.21854
0.21854
0.21854
0.22085
0.22085
0.22085
0.22085
0.22085
0.22085
0.22342
0.22343
0.22343
0.22343
0.22521
0.22521
0.22521
0.23168
0.23425
0.23466
0.23466
0.23466
0.23694
0.23694
0.23694
0.23694
0.23713
0.23713
0.23713
0.24
0.24432
0.24432
0.24575
0.24698
0.24698
0.25318
0.25318
0.25327
0.25398
0.25398
0.25398
0.25398
0.25424
0.26302
0.26302
0.26302
0.26302
0.26747
0.27672
0.27672
0.27672
0.27672
0.27772
0.27772
0.28066
0.28066
0.28066
0.28075
0.28139
0.29739
0.29739
0.3027
0.3027
0.3027
0.30308
0.30321
0.30321
0.30321
0.30518
0.30853
0.30853
0.30853
0.30853
0.30853
0.30853
0.31627
0.31627
0.31627
0.32595
0.32595
0.34246
0.34246
0.34246
0.34246
0.35155
0.35155
0.35684
0.35684
0.36279
0.36279
0.36407
0.36726
0.36726
0.36737
0.36805
0.36805
0.3682
0.37503
0.38875
0.38875
0.38875
0.38917
0.38917
0.38917
0.40635
0.40696
0.40696
0.40696
0.40935
0.41159
0.41159
0.41159
0.41542
0.41542
0.42093
0.44505
0.44505
0.44505
0.45557
0.45557
0.45557
0.46192
0.46192
0.46652
0.47832
0.51118
0.51307
0.51307
0.51394
0.55645
0.55645
0.59109
0.61432
0.65698
0.66806
0.68743
0.813
0.86671
0.86671
0.86671
12
12
12
12
12
12
